 
parameter estimates with dst.

	[,1]       [,2]      [,3]
 [1,] 1.3582995 0.1452165 0.5949915
 [2,] 0.4790440 0.2178387 0.5905107
 [3,] 0.4355629 0.1205573 0.5759596
 [4,] 0.7239371 0.1112446 0.6078436
 [5,] 0.3554572 0.1765239 0.6014847
 [6,] 0.5093547 0.2000555 0.5771424
 [7,] 0.9539438 0.1644763 0.6052616
 [8,] 0.6456552 0.1762340 0.6118943
 [9,] 0.4004263 0.2124858 0.6053965
 
 
 
total time taken 
 
          [,1]      [,2] [,3]
 [1,] 8.548860  957.4723  112
 [2,] 8.853199  982.7051  111
 [3,] 8.806247 3610.5614  410
 [4,] 8.785291 1133.3025  129
 [5,] 8.762527 1042.7407  119
 [6,] 8.768538 1210.0583  138
 [7,] 8.920548 1186.4329  133
 [8,] 8.759837 1243.8969  142
 [9,] 9.922692 1676.9349  169

